	1 		3777 		 35
	2 		9335 		 30
	3 		7649 		 31
	4 		1027 		 62
	5 		8763 		 79
	6 		4426 		 80
	7 		6211 		 29
	8 		7429 		 27
	9 		3862 		 32
	10 		4135 		 25
	11 		5022 		 24
	12 		9167 		 49
	13 		6011 		 35
	14 		8373 		 20
	15 		4784 		 21
	16 		5324 		 29
	17 		7413 		 34
	18 		9980 		 28
	19 		7862 		 35
	20 		8281 		 56
	21 		8084 		 65
	22 		7505 		 33
	23 		2313 		 28
	24 		4895 		 23
	25 		9814 		 85
	26 		1364 		 25
	27 		2087 		 90
	28 		8178 		 30
	29 		6403 		 84
	30 		3399 		 32
	31 		10676 		 40
	32 		1012 		 38
	33 		9094 		 46
	34 		1570 		 21
	35 		8467 		 32
	36 		3902 		 23
	37 		7652 		 20
	38 		1280 		 34
	39 		4865 		 21
	40 		7619 		 22
	41 		9031 		 29
	42 		6771 		 22
	43 		1709 		 30
	44 		8856 		 35
	45 		5586 		 33
	46 		5683 		 24
	47 		2528 		 36
	48 		9829 		 35
	49 		9270 		 37
	50 		7715 		 33
	51 		8796 		 89
	52 		3245 		 37
	53 		3921 		 25
	54 		8488 		 37
	55 		10841 		 88
	56 		2500 		 34
	57 		1124 		 26
	58 		6856 		 34
	59 		3227 		 31
	60 		2936 		 39
	61 		7437 		 22
	62 		6407 		 32
	63 		9858 		 21
	64 		2237 		 31
	65 		6818 		 24
	66 		2011 		 28
	67 		9776 		 29
	68 		6763 		 34
	69 		9606 		 78
	70 		5818 		 21
	71 		8369 		 68
	72 		7996 		 97
	73 		10470 		 32
	74 		6499 		 37
	75 		6644 		 38
	76 		9139 		 85
	77 		8669 		 20
	78 		9464 		 21
	79 		10355 		 24
	80 		9611 		 48
	81 		10299 		 23
	82 		6568 		 32
	83 		4311 		 28
	84 		2801 		 25
	85 		5878 		 70
	86 		9736 		 36
